KL Metric 

	powersolar_door_x: 	KL=0.0482348177971204	|	5.03818285465241	1.54104423522949e-05	6.05930328369145e-06	7.58152076601982		3.02179535810549e-05	1.21278524398832e-05	6.94330249726772		1.77878379821777e-05	0.000110654330253590	0					1						1
	powerpiezo_door_x: 	KL=0.0108113799012732	|	0.261219475865364	0						2.89406967057815e-07	0.0294277648925781		0						3.38438968650046e-06	0.0352226055860519		4.86660003662117e-09	2.59793281556231e-05	0					1						1
	
	
	powersolar_roof2_x: KL=0.0471648162741575	|	6.88733857870102	0						2.32741069793700e-05	14.6256915032864		0.000251735138893127	0.000181150031089783	10.2303195297718		0.00123354911804199		0.000391385436057989	6.88812896609306	0.00240885128974915		9.62747097015381e-06
    powerpiezo_roof_x: 	KL=0.0090956541792685	|	0.783278566598892	0						3.70197677612305e-07	0.194817224144936		9.97110748291023e-09	4.00162220004496e-06	0.382580131292343		4.86660003662117e-09	2.63071537017767e-05	0					1						1    
    
    
    powersolar_car_x: 	KL=0.0077628973599482	|	2.72631932795048	0						2.00000000000200e-06	0.0416970294713974		4.57767486572192e-09	3.69114971160989e-05	0.0360656625032425		1.07526779174817e-08	0.000416321516036987	0					1						1
	powerpiezo_car_x: 	KL=0.0343126385829254	|	0.114318797111511	0						2.00000000000000e-07	0.0105177001953125		0						5.35134296417236e-06	0.00756715714931488		4.86660003662117e-09	6.15931034088135e-05	0					1						1

